4294967278,251
4294967278,242
4294967278,260
4294967279,229
4294967279,223
4294967279,221
4294967278,219
4294967279,219
4294967279,217
4294967278,215
4294967278,214
4294967278,211
4294967279,215
160,6
4294967278,213
160,5
4294967279,214
160,4
4294967278,212
160,3
160,2
160,1
4294967279,213
4294967278,208
4294967278,207
4294967279,208
4294967294,1424
4294967294,401
4294967294,1158
4294967278,206
4294967279,207
4294967278,205
4294967279,206
4294967278,201
4294967278,203
4294967278,309
4294967279,201
4294967278,198
157,4
157,3
157,2
157,1
4294967278,355
4294967278,354
4294967279,193
4294967278,395
4294967279,186
156,5
156,4
156,3
156,2
156,1
4294967278,181
4294967279,305
4294967279,178
4294967278,176
4294967278,175
4294967279,176
4294967278,170
4294967278,172
154,5
154,4
154,3
154,2
154,1
4294967278,169
4294967278,168
4294967278,363
4294967278,167
4294967278,394
4294967279,158
152,5
152,4
152,3
152,2
152,1
4294967279,406
4294967294,473
150,4
150,3
150,2
150,1
4294967294,185
149,4
149,3
149,2
149,1
148,4
148,3
148,2
148,1
4294967294,1244
4294967294,1087
4294967278,290
4294967278,339
147,5
147,4
147,3
147,2
147,1
146,4
146,3
146,2
146,1
4294967294,114
4294967294,437
145,5
145,4
145,3
145,2
145,1
144,4
144,3
144,2
144,1
143,4
143,3
143,2
143,1
4294967279,286
4294967294,1422
4294967294,472
4294967294,1246
4294967294,1421
4294967294,389
4294967278,331
4294967278,282
142,6
4294967294,393
4294967278,330
142,5
142,4
142,3
142,2
142,1
4294967294,388
4294967294,387
4294967278,280
141,4
141,3
141,2
141,1
4294967294,1160
4294967294,1159
4294967294,176
4294967294,1079
4294967294,1074
4294967294,1084
4294967279,443
4294967278,384
140,5
140,4
140,3
140,2
140,1
4294967279,386
4294967294,167
4294967294,407
4294967294,416
4294967294,414
4294967294,471
4294967294,469
4294967294,470
4294967294,1
4294967294,1072
4294967294,186
4294967294,1067
4294967279,257
4294967278,222
4294967278,220
4294967278,387
139,4
4294967279,440
139,3
139,2
139,1
4294967279,384
4294967278,382
0,7
4294967279,136
4294967278,250
4294967279,253
4294967279,251
4294967278,246
4294967294,0
4294967294,5
4294967278,393
4294967294,89
4294967294,390
4294967294,115
4294967294,120
4294967294,2
4294967294,40
4294967294,38
4294967294,37
4294967294,36
4294967278,392
4294967278,346
4294967278,0
4294967278,312
4294967278,390
4294967279,448
4294967294,1420
4294967279,297
4294967278,389
4294967279,447
4294967278,388
4294967294,424
4294967278,311
4294967294,107
4294967278,386
4294967294,50
4294967294,91
4294967294,90
4294967294,87
4294967294,86
4294967294,85
4294967294,84
4294967294,1247
4294967294,1086
4294967294,28
4294967294,1245
4294967294,29
4294967294,417
4294967294,27
4294967294,53
4294967294,45
4294967294,428
4294967294,44
4294967294,96
4294967294,94
4294967294,9
4294967278,204
4294967294,8
4294967294,22
4294967294,394
4294967294,24
4294967294,39
4294967294,93
4294967294,95
4294967294,17
4294967294,42
4294967294,67
4294967294,99
4294967294,76
4294967294,41
4294967294,1419
4294967294,43
4294967294,415
4294967294,51
4294967294,52
4294967294,25
4294967294,26
4294967279,205
4294967279,204
4294967278,202
4294967279,203
4294967279,202
4294967278,200
4294967278,199
4294967279,200
4294967279,198
4294967294,46
4294967294,1166
4294967279,196
4294967294,81
4294967294,1163
4294967294,82
4294967294,1249
4294967294,83
4294967294,68
4294967294,11
4294967294,92
4294967294,88
4294967278,132
4294967278,131
4294967278,130
4294967278,129
4294967278,128
4294967278,127
4294967278,126
4294967278,125
4294967278,124
4294967278,123
4294967278,122
4294967278,318
4294967278,121
4294967278,120
4294967278,119
4294967278,244
4294967278,118
4294967278,117
4294967278,116
4294967278,115
4294967278,114
4294967278,113
4294967278,112
4294967278,111
4294967278,230
4294967278,110
4294967278,109
4294967278,108
4294967278,224
4294967278,107
4294967278,106
4294967278,105
4294967278,104
4294967278,216
4294967278,103
4294967278,102
4294967278,313
4294967278,101
4294967278,100
4294967278,99
4294967278,98
4294967278,97
4294967278,96
4294967278,95
4294967278,94
4294967278,93
4294967278,92
4294967278,91
4294967278,90
4294967278,89
4294967278,87
4294967278,86
4294967278,85
4294967278,84
4294967278,83
4294967278,82
4294967278,81
4294967278,80
4294967278,79
4294967278,78
4294967278,77
4294967278,76
4294967278,75
4294967278,71
4294967278,69
4294967278,68
4294967278,67
4294967278,66
4294967278,64
4294967278,63
4294967278,61
4294967278,57
4294967278,55
4294967278,54
4294967279,0
4294967279,69
4294967279,66
4294967279,64
4294967279,62
4294967279,58
4294967279,56
4294967279,55
4294967279,53
4294967279,51
4294967279,48
4294967279,32
4294967279,31
4294967279,28
4294967279,27
4294967279,26
4294967279,23
4294967279,20
4294967279,18
4294967279,17
4294967279,15
4294967279,11
4294967279,9
4294967279,8
4294967279,7
138,4
4294967279,191
138,3
138,2
138,1
4294967279,308
4294967278,74
4294967278,373
4294967279,307
4294967278,65
4294967278,73
4294967278,302
4294967279,431
4294967278,72
4294967279,430
4294967278,70
4294967278,353
4294967279,414
4294967278,178
137,5
4294967279,181
137,4
137,3
137,2
137,1
4294967278,62
4294967278,301
4294967279,426
4294967278,60
4294967278,351
4294967279,52
4294967279,413
4294967278,391
4294967278,59
4294967279,59
4294967278,58
4294967278,364
4294967278,56
135,5
135,4
135,3
135,2
135,1
4294967279,301
4294967278,296
4294967279,47
4294967279,299
4294967279,46
4294967279,298
4294967279,157
4294967294,1075
4294967294,1155
4294967279,425
133,5
133,4
133,2
133,1
4294967278,343
4294967294,479
131,4
131,3
131,2
131,1
4294967278,340
130,4
130,3
130,2
130,1
4294967278,338
129,4
129,3
129,2
129,1
4294967279,25
4294967279,396
128,5
128,4
128,3
128,2
128,1
4294967279,289
127,4
127,3
127,2
127,1
4294967279,272
126,5
126,4
126,3
126,2
126,1
